Date		Citi	PFE	GM
1/4/1982		-0.010995384	-0.014977156	-0.007019054
1/11/1982		0.010995384	0.014977156	-0.020835639
1/18/1982		-0.005462896	0.021539678	0.003696146
1/25/1982		-0.022565828	0.00694886	0
2/1/1982		-0.017728767	-0.00694886	-0.015930602
2/8/1982		-0.018483406	0.00694886	-0.020521667
2/16/1982		-0.019305155	-0.00694886	0.031827151
2/22/1982		0.006530867	-0.036516834	0.033113656
3/1/1982		0	0	-0.018483406
3/8/1982		0	0.014977156	0.008017972
3/15/1982		0.012774288	-0.014977156	0.013042857
3/22/1982		0	0.014977156	0.01926791
3/29/1982		0.012409258	0.014477823	0.004077912
4/5/1982		-0.031714413	0.014010714	-0.011516059
4/12/1982		0.019305155	0.013572807	0.028237068
4/19/1982		-0.006340178	-0.020521667	-0.023264176
4/26/1982		-0.012964977	0	0.017761729
5/3/1982		0.006530867	0	0.01093605
5/10/1982		-0.006530867	-0.014240439	-0.012521069
5/17/1982		0.012964977	0	0.001585018
5/24/1982		0	-0.007299239	0.00393742
6/1/1982		0	0.021539678	0.019168799
6/7/1982		-0.00643411	-0.014240439	0.003734283
6/14/1982		0.00643411	0.007178585	0.003702448
6/21/1982		0.012589127	0.007061854	-0.020378979
6/28/1982		0.006160309	-0.007061854	0.009931529
7/6/1982		-0.018749436	0.034214101	0.016306486
7/12/1982		0	-0.006630579	-0.023925883
7/19/1982		0.006340178	-0.013572807	-0.014061121
7/26/1982		-0.012774288	-0.014010714	-0.011260117
8/2/1982		-0.006530867	0	0
8/9/1982		0.031714413	0.040744968	0.063557955
8/16/1982		0.023802915	0.025183546	-0.007096473
8/23/1982		0.011429462	-0.012409258	0.021631988
8/30/1982		0.005603878	0.018483406	-0.009636089
9/7/1982		-0.005603878	0.017728767	0.00415596
9/13/1982		0.005603878	0.017033339	-0.014723257
9/20/1982		-0.01128101	0.02171925	0.003551079
9/27/1982		0.022276395	0.035576154	0.030717043
10/4/1982		0	-0.014891555	-0.001981575
10/11/1982		0.041392685	-0.03687136	0.031900862
10/18/1982		-0.057991947	0.010857928	0.018662787
10/25/1982		0.037788561	0.015794267	0.007593776
11/1/1982		-0.026652195	-0.005201194	-0.007593776
11/8/1982		0	-0.015988105	0.00643411
11/15/1982		-0.016813499	0	0.005767608
11/22/1982		0.01128101	0.021189299	-0.001722254
11/29/1982		-0.01128101	-0.005201194	0.007979388
12/6/1982		0.005677133	-0.021451001	0.003935381
12/13/1982		0	0	0.022360335
12/20/1982		0	-0.005532489	0.001061845
12/27/1982		0.021994294	0	0.004221608
1/3/1983		0.020933907	0.02171925	0.005219948
1/10/1983		-0.00513964	-0.010723865	-0.034545964
1/17/1983		-0.037788561	0	0.020305525
1/24/1983		0.005603878	0.010723865	0.00107101
1/31/1983		0.005532489	0	0.008474308
2/7/1983		0.010857928	-0.005328834	-0.005277033
2/14/1983		-0.005395032	0	-0.001595695
2/22/1983		-0.005462896	0.035997653	0.002656244
2/28/1983		0.026652195	-0.009984221	-0.014540665
3/7/1983		0.00513964	-0.010219165	0.001093941
3/14/1983		0	0.010219165	-0.002740037
3/21/1983		-0.00513964	0.005020801	-0.001652359
3/28/1983		0.010219165	0.009870754	-0.01516114
4/4/1983		0.019744058	0.019092942	0.04758226
4/11/1983		0.018885344	0.004644905	0.010623924
4/18/1983		0.004595752	0	0.019066072
4/25/1983		0.026597768	0.013643881	0.015042005
5/2/1983		0.029102382	-0.004500501	-0.002780977
5/9/1983		-0.016390416	-0.018483406	-0.029830391
5/16/1983		0.039871512	0	0.008873522
5/23/1983		-0.019478353	-0.014397821	0.014397821
5/31/1983		-0.012120633	0.004852503	-0.000472316
6/6/1983		0.020017114	0.014240439	0.012116297
6/13/1983		-0.007896481	0.031517051	0.02326335
6/20/1983		-0.004002742	0.012837225	-0.011028893
6/27/1983		-0.004039978	-0.02606549	-0.006754327
7/5/1983		-0.020783606	-0.013643881	0
7/11/1983		0.008433168	-0.004644905	0.01952214
7/18/1983		-0.004196115	-0.014240439	-0.007438979
7/25/1983		-0.01720203	-0.014723257	-0.023579186
8/1/1983		-0.004409119	0.00496342	-0.007046577
8/8/1983		0.004409119	-0.015063746	0.002361585
8/15/1983		0	0.010100327	0.001410812
8/22/1983		0.01720203	0	0.021524532
8/29/1983		0.020586531	-0.005020801	0.006650888
9/6/1983		-0.016390416	0.009984221	-0.011142081
9/12/1983		0.028289639	0.033240933	0.020716094
9/19/1983		-0.015939201	-0.009240657	-0.007379494
9/26/1983		-0.004077912	0.040117223	0.015903703
10/3/1983		0.00811789	-0.017374096	0.007945908
10/10/1983		-0.004039978	-0.018098222	-0.002076974
10/17/1983		0	-0.014086461	-0.002086955
10/24/1983		0.027521074	0	-0.001257004
10/31/1983		0.022276395	0.014086461	0.004175941
11/7/1983		-0.003634285	-0.009340026	0
11/14/1983		0.007238409	-0.014397821	-0.003756535
11/21/1983		0	-0.030311914	-0.016664597
11/28/1983		0	0.015420359	0.011604798
12/5/1983		-0.014599509	-0.010219165	-0.005119444
12/12/1983		0	-0.005201194	0.000857442
12/19/1983		-0.003727873	0.005201194	0.000855753
12/27/1983		0.025447122	0.025110721	0.02249007
1/3/1984		-0.003545281	-0.025110721	-0.006131318
1/9/1984		0.014010714	0.025110721	-0.00123672
1/16/1984		0.026734253	-0.019971081	-0.011715783
1/23/1984		-0.023301077	0.019971081	-0.028028724
1/30/1984		-0.021018351	-0.004907334	0.000452155
2/6/1984		-0.007238409	-0.020203386	-0.00591505
2/13/1984		0.007238409	0.025110721	0.008618137
2/21/1984		0	0.009651386	0.002239791
2/27/1984		-0.025880519	-0.004798883	-0.022935344
3/5/1984		0.029454979	0.004798883	0.012535291
3/12/1984		-0.018173969	-0.0399633	-0.022541421
3/19/1984		-0.007488021	-0.015988105	0
3/26/1984		-0.011479818	-0.010995384	-0.015205538
4/2/1984		0.022663985	0.02171925	0.009382508
4/9/1984		-0.011184167	-0.016186761	0.003890682
4/16/1984		-0.011479818	0.005462896	0.011938478
4/23/1984		-0.011791525	0	-0.015340914
4/30/1984		0	-0.010995384	0.006297744
5/7/1984		-0.012120633	-0.01128101	-0.013183644
5/14/1984		-0.008272526	-0.005752329	0.008833413
5/21/1984		0.016390416	0.011429462	0.00674833
5/29/1984		0.004002742	0.005603878	0.006645073
6/4/1984		-0.004002742	-0.01128101	-0.024712766
6/11/1984		0.023481096	0.03300026	0.025653816
6/18/1984		0.007553138	-0.02171925	0.000939015
6/25/1984		-0.011379546	0.005532489	0.006516867
7/2/1984		-0.015651946	-0.034304231	0.003222125
7/9/1984		-0.020393159	-0.005990364	0.004107913
7/16/1984		0.008272526	0.034762106	0.003168395
7/23/1984		0.06811582	0.042403849	0.029210938
7/30/1984		-0.021539678	0.005020801	0.022192057
8/6/1984		-0.003696146	0.00496342	-0.004025001
8/13/1984		0.003696146	0	0.006422217
8/20/1984		-0.003696146	-0.00496342	-0.01376258
8/27/1984		-0.003727873	0	-0.007466565
9/4/1984		0.003727873	0.014723257	0.016824091
9/10/1984		0.0073611	-0.019744058	0.005598717
9/17/1984		0.007238409	-0.005079526	0.005919598
9/24/1984		-0.007238409	0	-0.000784633
10/1/1984		0.003634285	-0.00513964	0.000784633
10/8/1984		0.014240439	0.029963223	0.020666368
10/15/1984		-0.010636315	-0.004852503	-0.010210267
10/22/1984		0.007119741	0.037381728	0.007209947
10/29/1984		0	-0.013643881	-0.009511867
11/5/1984		-0.007119741	0	-0.014869191
11/12/1984		0.00357446	0.026872146	0.014099165
11/19/1984		-0.00357446	-0.022276395	-0.014896036
11/26/1984		0.00357446	0.009048129	-0.005215608
12/3/1984		0.010550182	0	0.008790069
12/10/1984		-0.003488328	0.00886346	0.011321576
12/17/1984		0	0.012964977	0.002689139
12/24/1984		0	-0.026328939	-0.01243146
12/31/1984		0	0.013363962	0.022276395
1/7/1985		0	-0.013363962	0.004098906
1/14/1985		0.033683113	0.004500501	0.018514311
1/21/1985		-0.019894829	0	-0.009340026
1/28/1985		-0.003406249	0.013228266	-0.005113703
2/4/1985		0.006785989	-0.008773924	-0.008908917
2/11/1985		0.003353642	-0.018098222	-0.004145141
2/19/1985		-0.006733383	0.039709371	0.012318589
2/25/1985		-0.010299957	-0.012837225	-0.004067496
3/4/1985		0.003460532	-0.008773924	-0.009009024
3/11/1985		0.016900751	0.025807264	-0.020185325
3/18/1985		0	0.00415596	-0.004392901
3/25/1985		0	0.004116566	0.002800619
4/1/1985		-0.003327943	-0.012468641	0
4/8/1985		0	0.02855546	-0.016252392
4/15/1985		0.009908289	-0.003966187	-0.014309446
4/22/1985		-0.006580345	0.003966187	-0.006466042
4/29/1985		0.006580345	0.019305155	0.017033339
5/6/1985		0.019163159	0.014849121	0
5/13/1985		0	0.010812869	0.007452328
5/20/1985		0.009273544	0.007061854	0.009340026
5/28/1985		0.003047693	-0.014240439	0.017326828
6/3/1985		-0.006116925	-0.003634285	-0.007397395
6/10/1985		0.015133743	0.010812869	-0.003152787
6/17/1985		0.002964479	0.003545281	-0.004372796
6/24/1985		0.005868934	-0.007119741	-0.00482108
7/1/1985		-0.005868934	0.02780434	-0.017728767
7/8/1985		0.002944381	0	0.007095791
7/15/1985		-0.014925678	-0.017168025	0.007795764
7/22/1985		0	-0.003516574	0.003644451
7/29/1985		0.003026455	-0.003545281	-0.006909838
8/5/1985		0.005990364	-0.007178585	-0.020125353
8/12/1985		-0.012064511	-0.003634285	0.005966848
8/19/1985		0.012064511	0.003634285	0.003792989
8/26/1985		0.002964479	0.003604124	0.010365515
9/3/1985		-0.021189299	-0.025880519	-0.004530377
9/9/1985		-0.012589127	-0.003826408	-0.004996732
9/16/1985		-0.00320514	0.015107418	-0.003785642
9/23/1985		-0.016390416	0	0.003785642
9/30/1985		0.022777215	-0.007488021	0.015225525
10/7/1985		0.006294233	-0.015374862	-0.004062653
10/14/1985		-0.003135714	0.003895044	-0.029992379
10/21/1985		0.030382629	0.022663985	0.018829508
10/28/1985		0.005829544	0.014477823	0.00582396
11/4/1985		0.002885688	0.010550182	0.021366357
11/11/1985		0.025143035	0.006893708	-0.000787479
11/18/1985		-0.002722858	0.023301077	-0.001579254
11/25/1985		-0.019553536	-0.013161446	0.007450833
12/2/1985		0.005677133	0.032184683	0.021614924
12/9/1985		-0.005677133	-0.022276395	-0.005959538
12/16/1985		-0.011581873	-0.016641671	-0.012556037
12/23/1985		0.008715232	-0.003406249	-0.00154691
12/30/1985		0.002866641	-0.01389861	-0.009795058
1/6/1986		0.016813499	0.010465434	0.005903505
1/13/1986		0.010857928	-0.028488538	-0.003532464
1/20/1986		0.00267259	0.018023104	0.021526965
1/27/1986		0.050263485	0.01389861	0.012567696
2/3/1986		0.020850139	0.013467575	0.026500359
2/10/1986		-0.004547628	0.003302636	0.00409393
2/18/1986		0.002279766	0.028645181	-0.014500845
2/24/1986		-0.006875518	-0.012498545	0.014500845
3/3/1986		0.022507341	0.024647435	-0.002042141
3/10/1986		-0.017911589	0.011818266	0.020001746
3/17/1986		0	0.014334452	0.021607986
3/24/1986		-0.030780335	-0.032184683	-0.041609732
3/31/1986		0.002446736	0.02364091	0.025183546
4/7/1986		0.014397821	0.030538067	-0.017071974
4/14/1986		-0.011964792	-0.013615362	0
4/21/1986		-0.002433029	-0.016922705	-0.015682666
4/28/1986		-0.004907334	0.005714484	0.00276842
5/5/1986		-0.007466565	-0.014429715	-0.014735152
5/12/1986		0.024404987	0.022862883	0.01127186
5/19/1986		-0.002379702	0.013701278	0.014027272
5/27/1986		0.011770219	0.002689139	-0.013332401
6/2/1986		0.002316243	0.01837169	0.004833216
6/9/1986		0	0.017625963	0.001371097
6/16/1986		0	0.01455872	-0.008292271
6/23/1986		0.024695227	0.009441556	0.004165926
6/30/1986		-0.017819709	-0.033984497	-0.012619614
7/7/1986		0.0285968	-0.005079526	-0.01007522
7/14/1986		0.010516119	0.002547189	-0.012182454
7/21/1986		-0.016950229	0.005049993	-0.025837827
7/28/1986		0.031257694	-0.005049993	0.024337672
8/4/1986		0.004002742	0.022276395	0.002995146
8/11/1986		0.015651946	-0.014723257	0.01214117
8/18/1986		-0.013664324	0.0024888	-0.0043758
8/25/1986		-0.001987621	-0.020321578	-0.00776537
9/2/1986		-0.055155265	-0.043739524	-0.015573224
9/8/1986		0.011164997	-0.002885688	0.008046268
9/15/1986		0.008729831	0	-0.006502108
9/22/1986		0.00643411	-0.005829544	-0.000771394
9/29/1986		0.014652288	-0.002944381	-0.007790244
10/6/1986		0.010171296	0.023014363	-0.002364586
10/13/1986		-0.010171296	-0.005640267	0.019700148
10/20/1986		0.012177279	0.00282929	0.007859055
10/27/1986		-0.002005983	0.016599262	0.015661792
11/3/1986		-0.002015291	-0.010995384	-0.013811365
11/10/1986		-0.008156005	0.008272526	0.018791045
11/17/1986		-0.002063161	-0.002740037	-0.002838536
11/24/1986		0.014240439	0.013530517	-0.011177976
12/1/1986		-0.004021274	-0.013530517	-0.00960214
12/8/1986		-0.002024687	0.005462896	-0.01908455
12/15/1986		-0.008194479	0.008067622	0.004271147
12/22/1986		0.004116566	-0.008067622	-0.001936225
12/29/1986		0.025846657	0.026328939	0.012245237
1/5/1987		0.007652964	0	0
1/12/1987		0	0.002547189	0.008592773
1/19/1987		0.01123238	0.014977156	0.030702448
1/26/1987		0.030332679	0.004879765	0.011563731
2/2/1987		-0.00694886	0.011964792	-0.000671763
2/9/1987		0.013788284	0.020739486	0.004347998
2/17/1987		-0.001699785	-0.006803708	-0.01214889
2/23/1987		-0.013843227	0.002279766	0.016453788
3/2/1987		-0.014299052	0.002267861	0.001972575
3/9/1987		0.02300264	0.008954843	0.00131009
3/16/1987		-0.012234456	-0.01350247	-0.00131009
3/23/1987		-0.007149042	0.01128101	0.010371704
3/30/1987		-0.007268697	-0.015876762	0.032687683
4/6/1987		-0.040294595	-0.026184583	0.003844648
4/13/1987		-0.014307465	-0.012444819	-0.002361906
4/20/1987		0.008233317	0.019744058	0.026137339
4/27/1987		-0.036123532	-0.004852503	-0.00307714
5/4/1987		-0.029804982	-0.019971081	-0.010225849
5/11/1987		0.020850139	-0.012964977	-0.01699885
5/18/1987		0.017728767	0.015512166	0.00505172
5/26/1987		0.012837225	0.022276395	0.002944381
6/1/1987		0.012468641	0.009545318	-0.010093422
6/8/1987		0.018056413	0	-0.002711525
6/15/1987		-0.0139785	0.020739486	0.002110425
6/22/1987		-0.016546553	-0.004523942	-0.013129058
6/29/1987		-0.004237053	-0.004571563	0.002472858
7/6/1987		-0.004278798	0	0.010054267
7/13/1987		0.018931086	0.004571563	0.015966333
7/20/1987		0.039329525	0.009001244	0.010327172
7/27/1987		0.018405063	0.004431615	-0.003700991
8/3/1987		-0.007268697	0.00438685	0.031959983
8/10/1987		0.00906702	-0.011051346	-0.006961713
8/17/1987		-0.00906702	-0.011339926	-0.009551316
8/24/1987		-0.028395372	-0.014010714	-0.014019761
8/31/1987		0.021002947	0.002366733	-0.005159995
9/8/1987		-0.013247482	-0.009545318	-0.003183779
9/14/1987		-0.011685758	0.00240607	-0.004966759
9/21/1987		0.043183593	0.004772515	-0.010408103
9/28/1987		-0.014538411	-0.021901841	-0.044321915
10/5/1987		-0.016959423	-0.04742465	-0.052738607
10/12/1987		-0.141920835	-0.06279083	-0.059607828
10/19/1987		-0.04487027	0.012681032	0.007277653
10/26/1987		-0.008954843	0.009273544	0.010899854
11/2/1987		-0.021641925	-0.015567777	0.002065123
11/9/1987		-0.022777215	0	0.011787846
11/16/1987		0.022777215	-0.026130857	-0.015512166
11/23/1987		-0.068534705	-0.035042749	-0.019985749
11/30/1987		-0.015107418	-0.030223983	0.02371007
12/7/1987		0.04383157	0.033858267	0.02404458
12/14/1987		0.017033339	0.051152522	0.006193253
12/21/1987		-0.024038241	-0.036912083	-0.013267889
12/28/1987		0.027366184	0.030429956	0.004337067
1/4/1988		0.016267613	0.003253157	0.009698806
1/11/1988		-0.00320514	0.009615769	-0.013244087
1/18/1988		0.031034234	0.024647435	0.029065757
1/25/1988		0.005949333	-0.031034234	-0.009348068
2/1/1988		-0.002964479	0.018885344	0.026751177
2/8/1988		0	-0.003091077	0.012954524
2/16/1988		0.034304231	0.009208002	0
2/22/1988		-0.002757435	0.014925678	0.014585254
2/29/1988		-0.005567954	-0.002944381	0.001332193
3/7/1988		0.011065426	0.005868934	0.001659515
3/14/1988		0.013446724	0.005790679	-0.016887605
3/21/1988		-0.027323127	-0.008715232	0.012894064
3/28/1988		-0.023167865	0.020069983	0.023111416
4/4/1988		-0.053763145	0.011065426	-0.014504689
4/11/1988		0.026130857	-0.028210856	0.00359058
4/18/1988		-0.022777215	-0.002924553	0.009644241
4/25/1988		0.003327943	-0.021042603	0.003483241
5/2/1988		-0.003327943	-0.015680204	0.005017176
5/9/1988		-0.017033339	-0.00320514	-0.003757438
5/16/1988		-0.007004902	0.006386799	-0.010826083
5/23/1988		0.024038241	0.015567777	0.020467101
5/31/1988		0.032184683	0.006074148	0.011233689
6/6/1988		-0.012589127	-0.012234456	0.010072766
6/13/1988		0.015680204	-0.003113235	-0.004711037
6/20/1988		0.01214889	0.003113235	0.002656244
6/27/1988		-0.01214889	-0.006248949	-0.011025564
7/5/1988		-0.003091077	0	0.009847016
7/11/1988		-0.025554104	-0.003158519	-0.004746435
7/18/1988		-0.003302636	0.012498545	0.007979776
7/25/1988		0.025743505	0	-0.004119355
8/1/1988		0.030171468	-0.009340026	-0.013206931
8/8/1988		0.002904991	0.012409258	-0.0221962
8/15/1988		0.028028724	-0.012409258	0
8/22/1988		-0.016599262	0.009340026	0.008260422
8/29/1988		-0.008543774	0.015133743	-0.000629869
9/6/1988		-0.005790679	0.00590886	0.012427013
9/12/1988		0.014334452	0.005829544	-0.010226457
9/19/1988		0	-0.002904991	0.00807724
9/26/1988		0.005603878	0.011505162	0.003372583
10/3/1988		-0.008433168	-0.002847843	-0.005532489
10/10/1988		0.008433168	0.016813499	0.013401454
10/17/1988		0.002775054	-0.002757435	0.037338437
10/24/1988		0	-0.008378932	-0.002760941
10/31/1988		-0.014056064	-0.00282929	-0.006698762
11/7/1988		-0.017490732	-0.002847843	-0.003955865
11/14/1988		0.008833413	0.005677133	0.010654628
11/21/1988		0.005790679	0.002810977	0.007958858
11/28/1988		0.008543774	0.013788284	0.014705127
12/5/1988		-0.115638714	0.005395032	-0.003696146
12/12/1988		0.003664954	0	-0.003193356
12/19/1988		-0.0073611	-0.005395032	-0.008359854
12/27/1988		-0.003727873	0	0.01155321
1/3/1989		0.018327381	0	0.011253816
1/9/1989		0	-0.010995384	0.001804729
1/16/1989		0.021018351	0.010995384	0.013924945
1/23/1989		0.003406249	0.005395032	-0.009827797
1/30/1989		0.003379741	-0.00811789	0.012559999
2/6/1989		0.003353642	-0.008272526	-0.008501142
2/13/1989		-0.020521667	-0.01128101	-0.02201069
2/21/1989		-0.017874724	0.00848811	0.005804751
2/27/1989		0	-0.005640267	-0.003156606
3/6/1989		0.003634285	0.008433168	-0.005847382
3/13/1989		-0.014723257	0	-0.003762476
3/20/1989		0.003727873	0.013701278	0.000539496
3/27/1989		0.003696146	0.010658068	-0.013136562
4/3/1989		-0.014977156	0.005232527	0.006617949
4/10/1989		0	0.015329632	0.020837311
4/17/1989		-0.003826408	0	-0.014318697
4/24/1989		0	0.004991946	-0.012026544
5/1/1989		0.007619397	0.012234456	0.002762697
5/8/1989		0	-0.007299239	0.023843304
5/15/1989		0.018483406	-0.009927163	-0.017012485
5/22/1989		0.021189299	0.007466565	0.006725041
5/30/1989		0.016900751	-0.007466565	0.001066408
6/5/1989		-0.010061326	-0.028531089	0.006606371
6/12/1989		0	0.010593073	-0.006606371
6/19/1989		-0.024424599	-0.010593073	0.005293112
6/26/1989		0.010636315	0.010593073	-0.017170147
7/3/1989		0.020521667	0	0.03495152
7/10/1989		0.013161446	0.002608383	0.01366991
7/17/1989		0.040212536	0.044455257	-0.002453648
7/24/1989		0.002944381	-0.00710034	0.003675293
7/31/1989		0.005829544	0.004746435	0.003644451
8/7/1989		0	0.018483406	0.007198416
8/14/1989		-0.011738403	0.004500501	0.023393414
8/21/1989		0.011738403	0.00886346	0.018755788
8/28/1989		-0.008773924	0.002187886	-0.001081142
9/5/1989		-0.002964479	-0.015551848	-0.006543988
9/11/1989		0.011738403	-0.002267861	-0.013391436
9/18/1989		0.005752329	0.009001244	-0.009394233
9/25/1989		0.024982288	0.00222146	0.018367578
10/2/1989		-0.054537532	-0.018098222	-0.053573857
10/9/1989		0.054537532	0.01139946	0.025841075
10/16/1989		-0.030734617	-0.01139946	-0.015662802
10/23/1989		0.017033339	0.01139946	0.003664954
10/30/1989		-0.01128101	0.017638748	0.006040354
11/6/1989		0	0	-0.009950742
11/13/1989		0.01128101	0.019023237	-0.002461993
11/20/1989		0.016390416	0.004116566	0.01361079
11/27/1989		-0.010857928	-0.029670671	0.004996047
12/4/1989		0.002740037	-0.013363962	-0.023822905
12/11/1989		-0.031135409	0.004500501	-0.003764495
12/18/1989		0.022862883	0.011051346	0.001258461
12/26/1989		0.016390416	0.015014144	0.01263221
1/2/1990		-0.024823584	-0.019400994	-0.0189613
1/8/1990		0.013965656	0.010885143	0.008835124
1/15/1990		-0.043321049	-0.01754964	-0.007561906
1/22/1990		0.014925678	0.011051346	0.001269497
1/29/1990		-0.002944381	-0.011051346	0.017880857
2/5/1990		0	-0.004500501	0.001214811
2/12/1990		-0.018098222	-0.071113624	0.003864715
2/20/1990		0.018098222	0.040665427	0.025451032
2/26/1990		0.008773924	-0.012303783	0.002261956
3/5/1990		0.022565828	-0.012662544	0.011795553
3/12/1990		-0.025470819	0.002562217	-0.010444013
3/19/1990		0.005790679	0.012589127	-0.004748907
3/26/1990		0.01968014	-0.022929961	0.002267861
4/2/1990		0.010857928	0.010340833	0
4/9/1990		-0.016390416	-0.00513964	0.005841607
4/16/1990		0.002775054	-0.002592811	-0.016605059
4/23/1990		0.016287952	-0.005232527	0.007357203
4/30/1990		0.013121677	0.025554104	0.020917814
5/7/1990		0.017728767	0.002474619	0.005826647
5/14/1990		0.002474619	0.016938422	0.007859787
5/21/1990		0.012165907	0.016302511	0.007720067
5/29/1990		-0.012165907	-0.006911994	-0.010041938
6/4/1990		0.021659061	0.011459622	0.015385904
6/11/1990		0.006986121	-0.009143379	-0.019853337
6/18/1990		0	-0.002316243	-0.003434873
6/25/1990		0.013643881	0.011459622	0.002364391
7/2/1990		0.01754964	0.019894829	0.011215048
7/9/1990		-0.04290028	0.025183546	0.004364805
7/16/1990		-0.019413041	0.00808013	-0.020104918
7/23/1990		-0.007509602	-0.00808013	-0.038478308
7/30/1990		-0.012811976	-0.004097148	-0.032421421
8/6/1990		-0.018596488	-0.014652288	-0.022773292
8/13/1990		-0.00822033	-0.015163941	-0.001345816
8/20/1990		-0.008378932	0.02568006	0.026661823
8/27/1990		-0.00282929	0	-0.023706513
9/4/1990		-0.029355393	0	-0.001609493
9/10/1990		-0.098431186	0	-0.010059226
9/17/1990		-0.003826408	-0.002082951	-0.0047011
9/24/1990		-0.031889144	0.02238078	0.007716095
10/1/1990		0.004116566	-0.020297829	-0.001641947
10/8/1990		0.023912157	0.035879571	0.013231007
10/15/1990		-0.028028724	-0.015581742	-0.007240644
10/22/1990		0.012234456	0.001978566	-0.001625558
10/29/1990		-0.004039978	0.013603176	0.01494035
11/5/1990		0.049797468	0.007586123	0.008569317
11/12/1990		-0.007299239	-0.003776498	-0.011463747
11/19/1990		0.025028006	0.020375759	-0.010420361
11/26/1990		0.033423755	-0.005462896	0
12/3/1990		-0.029963223	0.005462896	-0.040501215
12/10/1990		0.006839425	0.003604124	0.019163159
12/17/1990		-0.010299957	-0.005417465	-0.003135714
12/24/1990		0.023663918	-0.018562419	-0.019305155
12/31/1990		-0.020203386	-0.011530619	-0.01677021
1/7/1991		0.033168363	0.028272094	0.029735187
1/14/1991		0.003181659	0.036722807	-0.01117407
1/21/1991		0.039370692	0.01483503	0.0376396
1/28/1991		0.019808393	0.029747103	0.018187402
2/4/1991		0.034549269	0.034878492	0
2/11/1991		0.007597182	-0.009886805	-0.010337677
2/19/1991		0.002503145	0.012670754	0.035772022
2/25/1991		0.007424018	0.010960695	0.00147971
3/4/1991		-0.017524345	-0.010960695	0.003921422
3/11/1991		-0.020933907	-0.002783949	-0.027963666
3/18/1991		0.020933907	0.012389589	0.002852945
3/25/1991		0.015063746	0.02504972	-0.005724756
4/1/1991		-0.00496342	0.001279219	-0.004475945
4/8/1991		-0.012662544	-0.009034684	0.02569019
4/15/1991		-0.002577423	0.001302233	-0.031551922
4/22/1991		0	0.014072628	0.018896759
4/29/1991		-0.018483406	-0.001260653	-0.004128796
5/6/1991		-0.008168789	-0.016730449	-0.010231512
5/13/1991		0.013530517	0.025479123	0.038584215
5/20/1991		0.035785662	0.003696146	0.035434215
5/28/1991		-0.012444819	-0.021373361	-0.018055357
6/3/1991		-0.015420359	0.020144805	0.029106703
6/10/1991		-0.013282212	-0.012480585	-0.001092565
6/17/1991		-0.016494178	-0.011547653	-0.034598046
6/24/1991		0	0.003883434	0.018098222
7/1/1991		0.019183316	0.015195526	0.002492696
7/8/1991		0.020933907	0.018275957	-0.002492696
7/15/1991		0	-0.003594182	-0.01952214
7/22/1991		0.015063746	0.019984598	-0.008158258
7/29/1991		0.026328939	0.00796893	-0.015032402
8/5/1991		-0.007023784	0.005603878	-0.00733324
8/12/1991		0.013935778	0.003327943	0.004566222
8/19/1991		-0.002291797	0.003302636	0.001259921
8/26/1991		-0.021189299	0.01720203	-0.018767938
9/3/1991		0.011899223	-0.029436487	0.001311673
9/9/1991		0.006986121	0.008931821	0.001568796
9/16/1991		0.026872146	-0.003327943	0.011588741
9/23/1991		-0.024568191	0.014240439	0.008555324
9/30/1991		0.009095505	-0.012018979	-0.007033263
10/7/1991		0.011107881	0.026849988	0.001516746
10/14/1991		-0.015631823	-0.008412747	-0.025194845
10/21/1991		0.026462671	0.024764588	-0.015517028
10/28/1991		0.008474308	-0.013238606	-0.0064217
11/4/1991		-0.025935734	-0.009407469	-0.033007662
11/11/1991		0	0.00210823	-0.00889162
11/18/1991		-0.025216788	-0.010645006	-0.001551608
11/25/1991		0	0.020007405	-0.025610631
12/2/1991		0.004695121	0.024995072	-0.007316007
12/9/1991		0.011520423	0.004830912	-0.01570733
12/16/1991		0.065319607	0.040343242	0.004152648
12/23/1991		0	0.010382036	0.068371271
12/30/1991		-0.007896481	0.005099407	-0.010121097
1/6/1992		0.025155486	-0.043510166	0.028273359
1/13/1992		0.009300023	-0.002810977	-0.014635689
1/20/1992		-0.003696146	-0.018238249	-0.004990258
1/27/1992		-0.009380375	0	0.026068357
2/3/1992		-0.005727043	-0.004929616	0.049853072
2/10/1992		0.003826408	0.001978566	0.00271821
2/18/1992		0.01128101	0.01455872	-0.009967035
2/24/1992		-0.01319	-0.01160767	-0.007371871
3/2/1992		-0.005777839	-0.006917237	0.003065621
3/9/1992		-0.003895044	-0.002998593	0.022810661
3/16/1992		0.011581873	-0.016351841	-0.027417245
3/23/1992		-0.021475113	0.013332401	-0.005958204
3/30/1992		0.00199676	0.011953814	0.02778412
4/6/1992		0.011791525	-0.01601267	0.038827178
4/13/1992		-0.013788284	-0.006160309	-0.02771559
4/20/1992		0.038288612	0.013238606	0.013385642
4/27/1992		-0.018722489	0.00696478	-0.010770119
5/4/1992		-0.011633584	-0.009984221	-0.006929743
5/11/1992		-0.003948159	0.017809558	-0.001206039
5/18/1992		-0.001987621	0.009587464	0.008135782
5/26/1992		-0.01007689	-0.012505467	0.047130268
6/1/1992		0.006074148	-0.025110721	-0.008808649
6/8/1992		-0.00811789	0.006160309	0.007530685
6/15/1992		0.002043743	0.01601267	-0.012551486
6/22/1992		0.017973371	0.019219706	-0.015420359
6/29/1992		0.005829544	0.012051634	-0.00136714
7/6/1992		0.009545318	-0.003672702	-0.002747259
7/13/1992		0.007488021	-0.008378932	-0.016381583
7/20/1992		0.030457864	0.017503101	0.025697176
7/27/1992		-0.012283895	0.012460123	-0.051236827
8/3/1992		-0.001783553	-0.00087825	0.003275808
8/10/1992		-0.010857928	0.010423568	-0.017938015
8/17/1992		-0.009260361	-0.021103479	-0.023655546
8/24/1992		-0.001876005	0.011558161	0.020504666
8/31/1992		0.001876005	-0.010658068	-0.018850208
9/8/1992		0.001867936	0.010658068	0.006284333
9/14/1992		0.021810163	-0.032792513	-0.02801064
9/21/1992		0.005285596	-0.006674251	-0.01561213
9/28/1992		-0.001754728	-0.016649178	-0.025317863
10/5/1992		-0.008881587	0.01952214	0.003798518
10/12/1992		0	-0.006733383	0.057203324
10/19/1992		0.00357446	0.017107903	-0.037186211
10/26/1992		0.003545281	-0.009421074	0.000901962
11/2/1992		0.015605073	0.012208	0.006853503
11/9/1992		0.003392943	0.019023237	-0.001480719
11/16/1992		0.014948513	0.003530869	0.008518731
11/23/1992		0.016027445	-0.017033339	0.031415229
11/30/1992		-0.001576388	0.009048129	-0.006268558
12/7/1992		0.017033339	0.00798521	-0.00496973
12/14/1992		-0.007659713	-0.029084973	-0.001669295
12/21/1992		-0.006226551	-0.012395635	-0.00986755
12/28/1992		0.009306666	-0.027964245	0.01485631
1/4/1993		0.023884753	-0.016827073	0.015961544
1/11/1993		0.002895307	0.015794267	0.040304682
1/18/1993		0.004307088	-0.011525982	-0.002671096
1/25/1993		0.027671427	-0.018437241	0.003638344
2/1/1993		-0.002689139	0.009858306	0.03054254
2/8/1993		-0.008168789	-0.071665456	-0.019100531
2/16/1993		0	0.029622467	-0.018749436
2/22/1993		0.017508815	0.003564681	0.019924158
3/1/1993		0.113231977	0.023044901	-0.006858046
3/8/1993		-0.040478274	-0.02422988	0.015223528
3/15/1993		0.017505422	-0.002379702	-0.018093325
3/22/1993		-0.017505422	0.003564681	-0.010196314
3/29/1993		0.004442949	-0.001184979	0.025519011
4/5/1993		0.020504666	0.012860265	0.010978012
4/12/1993		-0.020504666	0.030040015	0
4/19/1993		0.004397956	0.023028234	0.004046251
4/26/1993		-0.012203202	0.007078297	-0.007447165
5/3/1993		-0.00225608	0.004986214	-0.008040593
5/10/1993		0.017728767	0.008833413	0.002543121
5/17/1993		0.002166062	0.002904991	0.006861035
5/24/1993		-0.004342981	-0.011738403	0.014723257
6/1/1993		-0.016684298	0.0068859	-0.00796893
6/7/1993		0.007865833	0.007738191	0.010593073
6/14/1993		0.04441914	-0.015616765	0.014156036
6/21/1993		0.00499769	-0.040598365	0.00482671
6/28/1993		0.014656998	0.01606698	0.036987825
7/6/1993		-0.005803576	-0.024885445	0.002293814
7/12/1993		0.016246132	0.019595556	-0.009248857
7/19/1993		0.004664862	-0.038951331	0.016058492
7/26/1993		0.009182044	0.00116277	-0.006809635
8/2/1993		0.006313842	-0.0153644	-0.01671317
8/9/1993		-0.004500501	0.049947821	-0.010832849
8/16/1993		0.013363962	-0.007571951	0.023716237
8/23/1993		0.01635792	0.007571951	-0.020075181
8/30/1993		0.005874604	-0.018623298	0.016599262
9/7/1993		0.021149603	-0.009048129	-0.009407469
9/13/1993		0.011748989	0.006803708	0.003551724
9/20/1993		-0.004661524	-0.013715702	-0.0356145
9/27/1993		-0.013486026	0.001159666	0.011368512
10/4/1993		0.004010135	0.015918334	0.012292174
10/11/1993		-0.022108357	0.011023294	0.01077313
10/18/1993		-0.005069643	-0.006580345	0.01510405
10/25/1993		-0.034478902	0.010912496	0.002845355
11/1/1993		0.01179974	0.015871236	0.029774112
11/8/1993		-0.018288786	-0.003128185	0.0257054
11/15/1993		0	0.001045234	-0.00300551
11/22/1993		0.014692123	0.00621912	0.008954843
11/29/1993		-0.00271718	-0.00621912	0.008773924
12/6/1993		-0.014785921	-0.003143279	-0.010747994
12/13/1993		-0.001884144	0.014477823	0.003939206
12/20/1993		-0.007619397	0.012036645	-0.00295105
12/27/1993		0.022468518	-0.004974791	0.023065304
1/3/1994		-0.012025962	-0.004021274	0.024710905
1/10/1994		-0.006616148	-0.029242402	-0.002660764
1/17/1994		0.024082196	0.00429998	-0.011874512
1/24/1994		-0.026948836	-0.013029812	0.017179838
1/31/1994		0.009482789	-0.014571246	-0.002202682
2/7/1994		-0.021142402	-0.015077157	-0.00982676
2/14/1994		-0.003957152	0	-0.01113441
2/22/1994		-0.02243334	-0.01075337	0.027100744
2/28/1994		0.004165926	0.013107275	0.006197106
3/7/1994		0	-0.00590886	-0.021260853
3/14/1994		0.014273873	-0.007198416	-0.022355494
3/21/1994		-0.022646074	-0.01601835	-0.023569001
3/28/1994		-0.002118514	0.003749328	0.030163621
4/4/1994		0.005277033	-0.003749328	0.005573909
4/11/1994		-0.003158519	0.037265251	-0.021766588
4/18/1994		-0.006386799	0.00115045	0.008647742
4/25/1994		-0.004310651	0.003433176	-0.014018513
5/2/1994		-0.019945599	0.013467575	-0.010106107
5/9/1994		0.033801567	0.017330758	0.014991361
5/16/1994		-0.023714274	0.004226744	-0.008833413
5/23/1994		-0.007825338	0.001050289	-0.018397193
5/31/1994		0.007825338	-0.007405932	-0.005203271
6/6/1994		0.016308342	0.006355642	0.020615611
6/13/1994		-0.030955199	-0.012805679	-0.027120041
6/20/1994		0	0.004310651	0
6/27/1994		-0.005767608	0.00107101	0.006504431
7/5/1994		-0.009390517	-0.00107101	0.004167592
7/11/1994		0.030911465	-0.018623298	-0.013871915
7/18/1994		-0.005560825	0.014312647	0.009704323
7/25/1994		0.004454341	0.00751579	-0.009704323
8/1/1994		0.008773924	0.015680204	0.000713127
8/8/1994		0.008600172	0.024937647	-0.008817552
8/15/1994		0.022808292	0.003860421	0.022667066
8/22/1994		0.002015291	-0.015651946	-0.013849514
8/29/1994		-0.012234456	0	0.002132383
9/6/1994		-0.009407469	-0.013146122	0.001062278
9/12/1994		-0.036350022	0.01214889	-0.034585312
9/19/1994		0.009095505	0.014723257	0.002291797
9/26/1994		-0.018385581	-0.000966173	-0.028740432
10/3/1994		0.018385581	0.01707054	0.03328806
10/10/1994		0.003362297	0.009201498	-0.060151546
10/17/1994		0.017505422	0.000909518	-0.009189445
10/24/1994		-0.015278266	-0.000909518	-0.012335555
10/31/1994		0	0.020451625	-0.001823812
11/7/1994		-0.011251782	0	-0.012985746
11/14/1994		-0.002285766	-0.015922966	0.004449538
11/21/1994		0.014646857	0.008034454	0.005556082
11/28/1994		-0.026259701	0.001765427	-0.015692044
12/5/1994		0.008161479	0.008721066	0.007331037
12/12/1994		0.009143379	0.001723393	0.036849545
12/19/1994		-0.002267861	0.000859139	0.009165819
12/27/1994		0.027531046	-0.005180513	0.011448636
1/3/1995		0.006355642	0.000867722	-0.008715232
1/9/1995		-0.006355642	0.014492034	-0.030607477
1/16/1995		0.02184936	0.009125912	-0.022619809
1/23/1995		0.039729074	0.006518614	0.01991251
1/30/1995		-0.007471917	-0.000809496	0.008959461
2/6/1995		-0.002835447	0	0.01202503
2/13/1995		0.013076521	0.004834497	0.015671028
2/21/1995		-0.023634476	0.007939791	-0.027696058
2/27/1995		0.000970491	-0.009545318	0.018658876
3/6/1995		0.011479818	0.020422671	-0.005126999
3/13/1995		0.002823159	0.012852124	0.015617714
3/20/1995		-0.004715513	-0.013620107	0.013671662
3/27/1995		0.010307365	0.006863445	-0.003630909
4/3/1995		-0.001855962	0.014142801	0.002423975
4/10/1995		0	-0.020238262	-0.002423975
4/17/1995		0.021764612	0.003819677	0.014540912
4/24/1995		0.01478222	0.003786375	-0.02292642
5/1/1995		-0.003433176	-0.024823584	0.040208322
5/8/1995		-0.001726819	0.011035299	-0.002264905
5/15/1995		-0.002603172	0.012277693	-0.007058752
5/22/1995		0.026993975	0.011203402	0.01623367
5/30/1995		-0.030489322	0.000736717	-0.009174917
6/5/1995		0.005232527	0.003664954	-0.00246705
6/12/1995		0.025256795	0.019971081	0.011641967
6/19/1995		-0.007424018	-0.008446836	-0.004656859
6/26/1995		0.022692186	-0.021118226	0.036616502
7/3/1995		-0.007165424	0.019694308	0.001203271
7/10/1995		-0.005656008	0.00213413	-0.010775366
7/17/1995		0.021421604	0.030813947	-0.004421688
7/24/1995		0.002316243	0.003948159	-0.010071048
7/31/1995		-0.000770709	-0.006600347	-0.010123873
8/7/1995		0.000770709	-0.007378153	0.001487311
8/14/1995		0.020308377	0.002024687	-0.009380375
8/21/1995		-0.009659642	-0.003379741	0.023081653
8/28/1995		0.015498984	-0.008912433	0.006603331
9/5/1995		0.023290256	0.01363674	-0.015689321
9/11/1995		-0.021120587	0.029828954	-0.002393828
9/18/1995		0.023860624	0.011746759	-0.003336466
9/25/1995		-0.002053406	0.02258127	-0.011692525
10/2/1995		0.011509647	0.005752329	0.005885611
10/9/1995		-0.031157982	0.029276953	-0.01204592
10/16/1995		-0.004328552	-0.015220889	-0.009605641
10/23/1995		0.030784151	-0.005567954	-0.001190936
10/30/1995		0.015263256	0.00446006	0.016956886
11/6/1995		-0.00327277	0.007696559	0.014659535
11/13/1995		-0.003960159	-0.008251568	0.024607923
11/20/1995		0.037456912	0.000555009	-0.002100582
11/27/1995		0.011405763	0.036677833	-0.001230048
12/4/1995		-0.003569564	0.01354928	0.01094699
12/11/1995		-0.01272971	-0.021263417	0.012682266
12/18/1995		0.027990275	0.003616989	0.007271463
12/26/1995		-0.014067448	0.003076479	-0.020984491
1/2/1996		-0.012081293	-0.013491714	-0.009916227
1/8/1996		0.017410127	0.002627319	-0.016681541
1/15/1996		-0.004733502	0.026914055	0.033084992
1/22/1996		0.02203836	0.013095298	0.007225805
1/29/1996		0.010613512	0.008047103	0
2/5/1996		0.013046122	-0.005189893	-0.008243683
2/12/1996		0.01680672	0	0.002202395
2/20/1996		-0.010427739	-0.010083575	0.014621853
2/26/1996		-0.032875297	-0.004885254	-0.014621853
3/4/1996		-0.006884601	-0.019081902	0.011506267
3/11/1996		0.018121825	0.032148014	0.009280498
3/18/1996		0.007151306	-0.002869798	-0.001129086
3/25/1996		-0.000545939	0.02471693	0.018960937
4/1/1996		-0.034671069	-0.013817533	0
4/8/1996		0.001771428	0.006502927	0.006750032
4/15/1996		0.007593776	-0.019326112	-0.012508546
4/22/1996		-0.029343245	-0.004847087	-0.002041525
4/29/1996		0.009801138	0.003881988	-0.014077812
5/6/1996		0.018382442	0.002408739	0.029084315
5/13/1996		0.004045354	0.020639907	-0.006897357
5/20/1996		-0.000575606	0.003649555	-0.00092798
5/28/1996		0.00115045	0.018672649	0.002008123
6/3/1996		0.015239967	0.011169415	0.002918347
6/10/1996		0.00496342	-0.013350708	-0.0067884
6/17/1996		0.019829349	-0.012872215	-0.020373722
6/24/1996		-0.01114317	-0.002258427	-0.018986755
7/1/1996		-0.030040015	0.004953127	-0.016658962
7/8/1996		0.005153192	0.001341106	-0.001062711
7/15/1996		-0.013292818	-0.009932323	-0.003382512
7/22/1996		0.043521584	0.017893138	0.02432685
7/29/1996		0.004752206	-0.007514698	0.011670804
8/5/1996		0.002617817	0.006637335	0.006368787
8/12/1996		0.001042724	0.008694875	-0.009340026
8/19/1996		-0.022989567	-0.019814132	-0.012944901
8/26/1996		0.003281838	0.008034454	-0.016876373
9/3/1996		0.029999549	0.009622225	0.013449969
9/9/1996		0.006060021	0.006014065	-0.001033215
9/16/1996		0.012359812	0.017148182	-0.016874753
9/23/1996		0.035997653	0.013724202	0.016874753
9/30/1996		-0.009984221	0.004348911	0.008704956
10/7/1996		0.00908599	0.018483406	0.02527398
10/14/1996		-0.003158519	-0.021641925	0.007115853
10/21/1996		0.014693065	0.005903505	0
10/28/1996		0.061154432	0.042776411	0.01191194
11/4/1996		-0.014697031	-0.000709052	0.00304129
11/11/1996		-0.001971381	-0.006794371	0.015480263
11/18/1996		-0.000791065	0.005728617	0.000876478
11/25/1996		-0.026106306	-0.041392685	-0.008547639
12/2/1996		-0.001263097	0.003895044	0
12/9/1996		0.029738288	0.014490537	-0.011614054
12/16/1996		0.008190799	0.000374877	0.004864392
12/23/1996		-0.009373626	-0.007559712	0.017190289
12/30/1996		0.001182827	0.009429256	0.023748667
1/6/1997		0.048739647	0.012503838	-0.00707313
1/13/1997		0.004202883	-0.004372129	0.016732075
1/20/1997		0.011691927	0.026285856	-0.025061072
1/27/1997		0.001016687	-0.002073009	-0.013168024
2/3/1997		0.024353191	0.021947259	0.015016997
2/10/1997		-0.006123734	-0.007975027	-0.001848972
2/18/1997		-0.008853422	-0.01466544	-0.004585138
2/24/1997		0.014977156	0.011974218	-0.0094653
3/3/1997		-0.017968863	-0.014060505	0.010328709
3/10/1997		-0.021189299	-0.005612931	-0.007540528
3/17/1997		0.001398695	-0.012900785	-0.005742577
3/24/1997		-0.025522368	0.001452491	-0.017697888
3/31/1997		-0.014684958	-0.021551967	-0.008103326
4/7/1997		0.032458151	0.024442456	0.025801214
4/14/1997		-0.009703301	0.021086398	-0.010653465
4/21/1997		0.049412672	0.02174435	0.016396042
4/28/1997		0.002909315	0.004221213	0.006677119
5/5/1997		0.001928772	0.012108774	-0.014499797
5/12/1997		0.009831109	-0.000943777	0.015363206
5/19/1997		-0.011759881	0.010577896	-0.000863409
5/27/1997		0.022292503	0.016583894	-0.005800346
6/2/1997		0.04086372	0.022202428	0.004790862
6/9/1997		0.016132402	0.007247701	-0.012449017
6/16/1997		-0.015297488	0.027319756	0.001335151
6/23/1997		0.019571023	0.019293869	0.008797623
6/30/1997		-0.003201202	-0.013363962	-0.015063746
7/7/1997		0.002403111	-0.023950811	0
7/14/1997		0.020033905	0.008308263	0.014628072
7/21/1997		0.008560284	-0.005610773	0.054161039
7/28/1997		-0.030462126	-0.025757874	-0.011568007
8/4/1997		-0.001607508	-0.019551659	-0.018157082
8/11/1997		0.006130064	0.02522138	0.035711938
8/18/1997		-0.021983983	-0.00481453	-0.014012788
8/25/1997		0.026459928	0.02193452	0.021910409
9/2/1997		-0.008196973	-0.000813032	0.003341219
9/8/1997		0.02741101	0.017022906	0.019524849
9/15/1997		-0.008605184	0.003377719	-0.022866068
9/22/1997		0.015565977	0.005401422	0.011764904
9/29/1997		0.016691734	0.018025182	0.013803397
10/6/1997		-0.009598059	0.005603878	-0.003055941
10/13/1997		0.000242555	0.041084472	-0.009178515
10/20/1997		-0.016810308	-0.004204667	-0.025426352
10/27/1997		0.025215496	-0.000444974	0.003815203
11/3/1997		-0.021451001	0.003547091	-0.020746367
11/10/1997		0.029929905	0.014973414	0.005673683
11/17/1997		0.003715911	-0.006446845	-0.007937373
11/24/1997		0.041644889	0.016149796	0.016246997
12/1/1997		-0.026420871	-0.002930191	-0.005174854
12/8/1997		0.00267122	-0.013219606	-0.003134771
12/15/1997		-0.011923882	-0.004789261	0.005600516
12/22/1997		0.015900156	0.021980781	0.012123007
12/29/1997		-0.049807744	-0.010105223	-0.034699188
1/5/1998		0.026314432	0.017737287	0.009038292
1/12/1998		-0.02361007	0.005889517	-0.003350537
1/20/1998		0.013987372	0.020102516	0.006675423
1/26/1998		0.029583346	-0.003869019	0.019178409
2/2/1998		0.013746715	0.014522418	0.0201861
2/9/1998		0.01123695	0.018757376	0.021483074
2/17/1998		-0.003361754	0.005899131	0.018156977
2/23/1998		0.000842881	-0.011150202	0.032137345
3/2/1998		0.034583941	-0.001825536	-0.014072935
3/9/1998		0.011510245	0.030377685	-0.006511604
3/16/1998		0	0.016895542	-0.015547366
3/23/1998		-0.002087502	0.026878709	-0.005271037
3/30/1998		0.037867816	-0.011248543	-0.000338631
4/6/1998		-0.016886914	0.025210295	0.009604229
4/13/1998		-0.01269043	0.050820518	-0.009265598
4/20/1998		-0.00393708	-0.022213469	0.006828846
4/27/1998		-0.01827056	-0.004073955	0.000776814
5/4/1998		0.021273473	-0.026179001	0.034617093
5/11/1998		0.003539198	0.003434356	0.012413584
5/18/1998		-0.013184279	-0.002685443	-0.024244559
5/26/1998		0.021635285	0.014568587	0.019945074
6/1/1998		-0.014616615	0.003746426	-0.032215603
6/8/1998		-0.006636369	0.008524209	-0.014973359
6/15/1998		0.00152585	0.001825064	-0.004164577
6/22/1998		0.014786718	-0.017582859	0.012815263
6/29/1998		0.035158283	0.039705122	0.014470623
7/6/1998		0.016484691	-0.007655923	-0.008147951
7/13/1998		-0.032561904	-0.008483653	0.007297435
7/20/1998		0.005599362	-0.014327961	0.007595336
7/27/1998		-0.040992998	-0.024983228	-0.007595336
8/3/1998		-0.038536101	-0.00979078	-0.017259005
8/10/1998		-0.010567297	0.020400256	-0.017627274
8/17/1998		-0.053431585	-0.018547593	-0.027859621
8/24/1998		-0.09239704	-0.027505236	-0.035202936
8/31/1998		0.019890361	0.023169997	0.000932392
9/8/1998		-0.007497966	-0.015362245	0.00476379
9/14/1998		0.000581385	0.04089412	0.010916414
9/21/1998		-0.018395002	-0.031959017	-0.026866685
9/28/1998		-0.036660415	-0.027712988	-0.033773407
10/5/1998		0.071585681	0.024701994	0.063836739
10/12/1998		0.047376432	0.021711492	0.009949475
10/19/1998		0.005234028	0.015745642	0.020310905
10/26/1998		-0.008001046	0.006946544	0.025832398
11/2/1998		-0.026802353	-0.013117273	0.023428059
11/9/1998		0.016589196	0.025012616	0.009858835
11/16/1998		0.069559372	0.008164451	-0.002600262
11/23/1998		-0.028190174	-0.005935151	-0.011951388
11/30/1998		-0.016272992	0.009212861	-0.003985863
12/7/1998		0.019082454	0.004197423	0.016354341
12/14/1998		0.01490991	0.012485166	0.011620269
12/21/1998		-0.016546553	0.020084343	-0.011307714
12/28/1998		0.066545037	-0.009734267	0.048715593
1/4/1999		-0.051127402	-0.022970011	0.017337586
1/11/1999		0.001128918	-0.000674475	0.037102212
1/19/1999		0.037149201	0.045703487	-0.004789758
1/25/1999		-0.02535969	0.007588753	-0.016502214
2/1/1999		-0.008196569	-0.001794855	-0.010917983
2/8/1999		0.018818725	-0.006036996	0.008409353
2/16/1999		0.035157279	0.012109478	-0.014914758
2/22/1999		0.021574716	0.014876941	0.030758596
3/1/1999		0.02854521	0.012056685	0.001836343
3/8/1999		-0.011230075	0.001109877	0.003979817
3/15/1999		-0.006000396	-0.018107656	-0.009174989
3/22/1999		0.008880105	0.014434247	-0.012485009
3/29/1999		0.056126814	0.019562676	0.000866683
4/5/1999		-0.011824789	-0.060318639	0.011618327
4/12/1999		0.019171317	-0.000245642	0.005777839
4/19/1999		0.001238189	-0.042832479	-0.000249618
4/26/1999		-0.028420435	0.007927018	-0.012068028
5/3/1999		0.005411328	-0.014209375	-0.015417266
5/10/1999		-0.020009427	-0.011429462	0.001062711
5/17/1999		-0.010012001	-0.013046301	0.000530382
5/24/1999		-0.004740678	0.031841487	-0.003993745
6/1/1999		-0.006402492	-0.072231098	-0.030371
6/7/1999		0.031608416	0.009166672	-0.00645409
6/14/1999		-0.023971882	0.008057068	0.004729557
6/21/1999		0.047952454	0.057838405	0.033697441
6/28/1999		0	-0.0186704	-0.016106933
7/6/1999		0.000630097	0.009435523	0.018940261
7/12/1999		-0.014565875	-0.036642073	-0.02227175
7/19/1999		-0.025475188	-0.011041339	-0.030693744
7/26/1999		-0.020499395	-0.013694404	-0.006326983
8/2/1999		0.03375873	0.022639867	0.030940037
8/9/1999		0.003501721	0.029582887	-0.00721941
8/16/1999		0.006429225	0.019463597	0.018930178
8/23/1999		-0.0127865	0.006914816	0.003652624
8/30/1999		-0.021948334	-0.022748801	-0.011144633
9/7/1999		0.003003065	-0.009557675	0.001676096
9/13/1999		0.000527804	-0.020663802	-0.020553147
9/20/1999		-0.004951294	0.030916016	0.001362036
9/27/1999		0.032044926	0.024815873	0.033991809
10/4/1999		-0.043396144	-0.029841516	-0.034866912
10/11/1999		0.0583341	0.052569929	0.025056036
10/18/1999		0.05269267	-0.020636054	0.029479077
10/25/1999		0.000988478	-0.057824248	-0.009722769
11/1/1999		0.003931564	0.0057739	0.017886759
11/8/1999		0.012672987	-0.017404111	-0.009281423
11/15/1999		-0.016604551	0.028009588	0.010038987
11/22/1999		0.021867156	-0.003024447	0.025873568
11/29/1999		-0.008122952	-0.023304491	-0.017626432
12/6/1999		-0.012757971	-0.008158173	-0.010523804
12/13/1999		0.008914632	0.011348736	0.010936201
12/20/1999		0.000413417	-0.02204541	-0.000742595
12/27/1999		-0.01328649	0.02671286	0.012534856
1/3/2000		0.030965667	0.030362391	0.041151923
1/10/2000		-0.011796378	-0.023380253	-0.001681755
1/18/2000		-0.002452878	0.001618034	-0.015815975
1/24/2000		-0.009533171	0.006846307	0.018081165
1/31/2000		-0.006048572	-0.009201808	-0.044149006
2/7/2000		-0.021040594	-0.011518042	-0.001050094
2/14/2000		-0.03016505	-0.021121091	0.019065983
2/22/2000		0.04664907	0.003329158	-0.006786599
2/28/2000		-0.037658451	0.030489322	0.010946244
3/6/2000		0.065651387	0.009897219	0.012692062
3/13/2000		0.026423663	-0.011371905	0.027619029
3/20/2000		-0.004953259	0.020344368	-0.013265722
3/27/2000		-0.00643411	0.025988846	0.009405925
4/3/2000		-0.007453076	-0.009937908	-0.013313299
4/10/2000		0.023737847	0.038952996	0.034029044
4/17/2000		-0.015119574	0.00665504	0.023162628
4/24/2000		0.003989694	0.024952661	-0.035846647
5/1/2000		0.00458766	-0.014321278	-0.003473819
5/8/2000		0.005416941	0.010843193	0.009725734
5/15/2000		-0.019589778	0.0092137	-0.091369322
5/22/2000		0.058253807	-0.015427224	-0.011429462
5/30/2000		-0.017409157	0.023667496	-0.000345845
6/5/2000		-0.008912623	0.017961283	-0.03803239
6/12/2000		-0.005757196	-0.019080887	-0.007811605
6/19/2000		-0.011495232	0.019616987	-0.026352971
6/26/2000		0.034196834	-0.020290138	0.015254054
7/3/2000		0.018332217	-0.007131804	0.011963184
7/10/2000		0.017912723	0.007804955	-0.012950442
7/17/2000		-0.013559136	-0.019371404	-0.018887541
7/24/2000		0.030555208	0.015769148	0.014416896
7/31/2000		-0.006361493	-0.025728836	0.030927473
8/7/2000		0.013853938	-0.000359962	0.044005624
8/14/2000		0.006664496	0.010554024	0.008899959
8/21/2000		0.004188406	-0.006491817	0.010090864
8/28/2000		-0.007608858	-0.027616664	0.0011247
9/5/2000		-0.011254433	0.008035744	-0.020115522
9/11/2000		-0.018636655	0.031081419	-0.010978147
9/18/2000		0.010686919	0.005866602	-0.021193608
9/25/2000		-0.004563185	-0.002750885	-0.01877073
10/2/2000		-0.031061892	-0.020000843	-0.03307238
10/9/2000		0.009744558	0.007638242	0.004665516
10/16/2000		-0.005865885	0.007389929	0.01243057
10/23/2000		0.031957482	-0.004912621	-0.022327995
10/30/2000		-0.020082816	0.004912621	-0.010551028
11/6/2000		-0.003327943	-0.010357649	0.005881708
11/13/2000		-0.033557405	-0.00696423	-0.036547949
11/20/2000		0.014667112	0.012056221	-0.00905888
11/27/2000		0.022218237	0	0.005869711
12/4/2000		-0.03008164	0.018890354	0.023258419
12/11/2000		0.017752453	-0.010264791	-0.031335329
12/18/2000		0.008555585	0.015641732	0.007619397
12/26/2000		0.021847016	-0.035597878	0.025338252
1/2/2001		-0.00458222	-0.009776316	-0.009164052
1/8/2001		0.01005969	-0.000618389	0.020564071
1/16/2001		0.006441807	0.029773408	-0.013455983
1/22/2001		0.003185423	0.005740164	0.017850231
1/29/2001		-0.01109515	0.001252719	-0.012246353
2/5/2001		-0.000420319	0.003172528	0.001282998
2/12/2001		-0.049382057	-0.004197211	-0.008952619
2/20/2001		-0.001770465	-0.01190239	0.010444675
2/26/2001		0.010054103	-0.011635704	0.03562875
3/5/2001		-0.033252752	-0.055369667	-0.03213191
3/12/2001		-0.026095074	0.001773468	-0.021305408
3/19/2001		0.021075723	0.03791334	-0.002334026
3/26/2001		-0.02213692	0.001370212	0.00608653
4/2/2001		0.04392081	-0.003998136	0.004264792
4/9/2001		0.019023237	0.00062714	0.028837308
4/16/2001		0.012904147	0.024489222	-0.013128549
4/23/2001		0.000111515	0.00330443	0.009960367
4/30/2001		-0.01313057	-0.00460951	-0.010170324
5/7/2001		0.013799058	0.019403301	0.017695165
5/14/2001		0.008488828	-0.029865837	-0.004254844
5/21/2001		-0.000436916	0.009749018	0.017362119
5/29/2001		-0.007273308	0.006965862	0.004088882
6/4/2001		-0.014233031	-0.008874328	0.001837161
6/11/2001		0.034638423	0.001670365	0.024936139
6/18/2001		-0.004583344	-0.028799475	0.01017467
6/25/2001		-0.017157656	0	-0.017246979
7/2/2001		-0.016819366	-0.017924984	0.029530874
7/9/2001		0.014808223	0.032563401	-0.007856798
7/16/2001		-0.004389693	-0.016934927	-0.01432854
7/23/2001		0.010726625	0.009739938	0.002632371
7/30/2001		-0.012881374	0.003860421	0.001265112
8/6/2001		-0.027453078	0.007984708	-0.02478643
8/13/2001		0.015582276	-0.004404151	-0.018441871
8/20/2001		-0.023156661	-0.03294202	-0.017492098
8/27/2001		-0.023159424	-0.015116809	-0.027413434
9/4/2001		-0.077028765	-0.014382389	-0.106154533
9/10/2001		0.046889092	0.049334627	0.02761392
9/24/2001		0.027008669	0.017875746	-0.005464572
10/1/2001		0.01920837	-0.009715615	0.018254216
10/8/2001		0.007574735	0.015274274	-0.028569195
10/15/2001		0.025110721	0.003825355	0.040492748
10/22/2001		-0.013451108	-0.005148141	-0.031252091
10/29/2001		0.012520643	-0.000723222	0.012589127
11/5/2001		0.004402062	0.007297228	0.041452052
11/12/2001		0.010138745	0.009271873	0.003664954
11/19/2001		-0.018165308	-0.003380648	0.017874724
11/26/2001		0.011699265	-0.002111647	0.016189517
12/3/2001		-0.022757874	-0.038591116	-0.036070223
12/10/2001		0.031021775	0.016889958	-0.001540263
12/17/2001		0.008879317	-0.00647655	0.014588718
12/24/2001		0.00686689	-0.010799161	0.010208489
12/31/2001		-0.025269099	0.01292714	-0.002811705
1/7/2002		0.007837618	-0.005276423	0
1/14/2002		-0.002936723	0.016979861	-0.011316643
1/22/2002		-0.026881792	0.004594472	0.022895547
1/28/2002		-0.009384587	-0.015175541	-0.010789789
2/4/2002		-0.013260021	0.00569169	0.008476484
2/11/2002		-0.017363727	0	0.023434588
2/19/2002		0.033570625	0.005618061	0.014915071
2/25/2002		0.028189306	-0.017329523	0.043089956
3/4/2002		0.007165424	0.014529576	0.000366107
3/11/2002		0.00135154	-0.009132986	-0.006080591
3/18/2002		-0.00282047	-0.008310905	0.003879304
3/25/2002		-0.007535267	-0.019501682	-0.003137713
4/1/2002		-0.014163668	0.01451488	0.011516059
4/8/2002		-0.005387595	-0.016781349	0.025484519
4/15/2002		-0.033679227	-0.012200085	-0.005564113
4/22/2002		0.014089231	0	0.00776995
4/29/2002		-0.009814262	-0.006370505	0.003371869
5/6/2002		0.033600373	0.011835119	0.001843429
5/13/2002		-0.018649436	-0.01915091	-0.006571409
5/20/2002		-0.01611267	-0.011064511	-0.019444087
5/28/2002		-0.022548594	-0.001165892	-0.027390003
6/3/2002		-0.008523939	0.010382036	-0.022112197
6/10/2002		-0.004325539	-0.016406857	-0.0032958
6/17/2002		-0.011653889	0.012255007	-0.012715936
6/24/2002		0.00884018	-0.007691966	-0.014484822
7/1/2002		-0.036648091	-0.028595267	-0.045058363
7/8/2002		-0.004166296	-0.079400247	-0.039254899
7/15/2002		-0.068551934	0.040829032	0.004897141
7/22/2002		0.004335755	0.020692548	0.002300565
7/29/2002		0.045685582	0.022080796	0.012068004
8/5/2002		0.007380136	0.009801138	0.014628197
8/12/2002		0.018986874	0.018237266	0.022540032
8/19/2002		-0.016290862	-0.018691787	-0.000569417
8/26/2002		-0.034024943	-0.03175346	-0.019103185
9/3/2002		-0.013193013	-0.014088253	-0.016628647
9/9/2002		-0.039265208	-0.015258016	-0.011535058
9/16/2002		0.033945079	-0.002449693	-0.032986885
9/23/2002		-0.015807484	-0.000351087	-0.038387175
9/30/2002		0.036027091	0.023582755	-0.019448128
10/7/2002		0.060919929	0.045591126	-0.006469175
10/14/2002		0.008936717	-0.021017113	0.015305741
10/21/2002		0.025210096	0.003132321	-0.01897743
10/28/2002		-0.009125912	0.022798857	0.005100031
11/4/2002		0.000279379	-0.008976437	0.014337539
11/11/2002		0.018989322	-0.009011533	0.030055193
11/18/2002		0.00372673	-0.011415058	0.023932592
11/25/2002		-0.014965531	-0.007350266	-0.027667864
12/2/2002		-0.018352215	-0.00698525	-0.008597286
12/9/2002		0.025022282	-0.000163792	0.006282587
12/16/2002		-0.03515628	-0.010109964	-0.006135443
12/23/2002		0.01141995	0.028081121	0.023202255
12/30/2002		0.015967478	-0.013570312	0.006368474
1/6/2003		-0.007770332	-0.008846742	0.009784269
1/13/2003		-0.012066483	0.003133332	-0.027455776
1/21/2003		-0.01538394	0.001476357	-0.014407471
1/27/2003		-0.018587167	-0.015333554	-0.003715117
2/3/2003		-0.005009941	-0.011169415	-0.030603304
2/10/2003		0.008729831	0.00570652	0.011691427
2/18/2003		0.001848064	0.013030658	-0.002971953
2/24/2003		-0.002311312	0.002327771	-0.035639324
3/3/2003		0.007657012	-0.015186669	0.012262852
3/10/2003		0.042206113	0.042966585	0.041964502
3/17/2003		-0.020879494	-0.002026867	-0.015771989
3/24/2003		0.021292518	0.01323608	0.011388956
3/31/2003		0.001373916	-0.017318415	-0.000760187
4/7/2003		0.019185857	-0.002055649	0.006644412
4/14/2003		-0.006612407	-0.014013313	0.002986906
4/21/2003		0.016217637	0.016541963	0.002226775
4/28/2003		-0.007249197	0.014870308	0.002068073
5/5/2003		0.001173241	0.014672495	-0.01316598
5/12/2003		-0.000651409	-0.022974306	-0.01483327
5/19/2003		0.020872547	-0.011959589	0.026227221
5/27/2003		0.027445856	0.028108491	0.005002092
6/2/2003		0.003948159	-0.000149576	0.005523231
6/9/2003		-0.000462631	0.031585863	0.02783009
6/16/2003		-0.010304585	-0.007153082	-0.028842263
6/23/2003		0.008681486	-0.009579888	-0.00407245
6/30/2003		0.021858044	-0.000433933	-0.000438607
7/7/2003		-0.003883103	-0.010398375	0.001606066
7/14/2003		-0.000111458	-0.004619405	0.011647066
7/21/2003		-0.018793699	-0.004669068	0.004937622
7/28/2003		0.009441556	0.003769287	-0.003379741
8/4/2003		0.004757577	-0.018868665	0.007289814
8/11/2003		-0.017705297	-0.026672041	0.018106733
8/18/2003		0.002457284	0.005467064	0.02625834
8/25/2003		0.009806508	0.008477489	0.006478408
9/2/2003		-0.000342369	0.019263036	-0.001858875
9/8/2003		0.025603031	-0.006065447	0.003586676
9/15/2003		-0.015336077	-0.012552278	-0.015165192
9/22/2003		0.016411064	0.003212252	0.010583853
9/29/2003		0.007240184	-0.000480326	0.013963293
10/6/2003		0.004307783	-0.002731926	0.003481578
10/13/2003		-0.007061854	0.004011616	-0.013233197
10/20/2003		0.001379219	0.010571905	0.008544574
10/27/2003		0.003271338	0.002331997	0.002530931
11/3/2003		-0.012261491	0.032550004	-0.001565027
11/10/2003		-0.000757648	-0.011663527	-0.006806882
11/17/2003		0.006344888	0.005141378	0.011962129
11/24/2003		-0.004183677	0.007958309	0.03203994
12/1/2003		0.008961442	0.002573181	0.033849964
12/8/2003		0.00660178	-0.001570687	0.00498902
12/15/2003		-0.003760149	0.005966848	0.021911799
12/22/2003		0.010263075	0.009904045	0.005452067
12/29/2003		0.007818019	0.006162251	0.001423451
1/5/2004		-0.003434773	-0.012973218	0.002079325
1/12/2004		0.007142004	0.01392398	-0.002648145
1/20/2004		-0.003807867	0.005929027	-0.034130129
1/26/2004		-0.001512344	0.025469971	-0.009230726
2/2/2004		0.00161298	-0.014762428	0.006657579
2/9/2004		-0.00526424	-0.001307723	-0.003316032
2/17/2004		0.011954275	-0.007263723	-0.003551249
2/23/2004		-0.002185384	0.006083396	0.00240549
3/1/2004		-0.006117631	-0.022504547	-0.027778482
3/8/2004		0.008996065	-0.016778923	-0.002788596
3/15/2004		-0.002380789	0.004291482	0.006442338
3/22/2004		0.014862495	0.021114731	0.007758392
3/29/2004		-0.002313159	-0.004771766	-0.000758783
4/5/2004		-0.012251023	0.023870539	-0.003267025
4/12/2004		-0.008025998	-0.014110702	0.027427094
4/19/2004		-0.006118361	-0.007844835	-0.015779064
4/26/2004		-0.01260725	0.00717411	-0.026661624
5/3/2004		-0.010053067	-0.007037646	0.002482334
5/10/2004		-0.002931132	-0.00979705	-0.012671864
5/17/2004		0.010333144	0.006510038	0.022791589
5/24/2004		0.001168458	0.003423433	0.007843003
6/1/2004		0.007362883	0.000545254	0.016937832
6/7/2004		0.001353754	-0.002870249	-0.000727375
6/14/2004		-0.006389109	-0.020209916	-0.003026455
6/21/2004		-0.009817394	0.001577429	-0.022568621
6/28/2004		-0.006962786	0.000858007	-0.009704685
7/6/2004		-0.013816587	-0.021225016	-0.006248949
7/12/2004		0.006851807	-0.001051379	-0.006804913
7/19/2004		0.001779442	-0.004686949	0.002203074
7/26/2004		-0.008971029	-0.010773272	-0.016982453
8/2/2004		0.00819342	0.002021063	-0.003259487
8/9/2004		0.018714982	0.00814374	0.006733383
8/16/2004		0.007182076	0.012306334	0.004392246
8/23/2004		0.001150727	-0.001333784	0.008074143
8/30/2004		0.003641249	-0.009301308	0.001504553
9/7/2004		-0.002597774	-0.001975796	-0.006401348
9/13/2004		-0.026759069	-0.029137072	-0.007211807
9/20/2004		0.007036824	0.018809086	0.018324425
9/27/2004		-0.003064591	-0.016696517	-0.017015054
10/4/2004		-0.00608343	-0.019393588	-0.027347825
10/11/2004		-0.01380625	-0.011856847	-0.012976485
10/18/2004		0.022080878	0.018585014	0.008395545
10/25/2004		0.016827332	-0.00234302	0.019510894
11/1/2004		0.008845407	-0.018162495	0.004501762
11/8/2004		-0.018089455	-0.003513729	-0.014397821
11/15/2004		0.002569797	-0.001059686	0.003613431
11/22/2004		0.002129943	0.01151672	-0.007257178
11/29/2004		0.002542219	-0.012578998	0.004018948
12/6/2004		0.006603374	-0.022183108	-0.003514541
12/13/2004		0.019427252	0.005376607	0.01340215
12/20/2004		-0.005102931	0.013603988	0.002558623
12/27/2004		0.00420676	-0.00975172	-0.011696802
1/3/2005		-0.010287996	-0.017705939	-0.021357808
1/10/2005		0.003861324	-0.013328295	-0.013851719
1/18/2005		0.004027801	-0.002360302	0.008045203
1/24/2005		0.016230762	-0.002174937	0.006853955
1/31/2005		-0.003295265	0.019382712	0.004941128
2/7/2005		-0.007358605	0.02772057	0.001806337
2/14/2005		-0.002580368	0.00088831	-0.004790299
2/22/2005		0.000994264	-0.000177517	-0.024777639
2/28/2005		-0.005496839	-0.008064293	-0.006246952
3/7/2005		-0.00863437	-0.008770233	-0.079237179
3/14/2005		-0.022098236	0.005684324	0.010281602
3/21/2005		0.000970491	-0.000364494	0.00114568
3/28/2005		0.007475133	0.007411657	0.001794271
4/4/2005		0.003374816	0.017735936	-0.06163483
4/11/2005		0.00532499	-0.00763767	0.018905301
4/18/2005		0.010052612	-0.000876478	-0.000898975
4/25/2005		-0.003359144	0.006962786	0.061799804
5/2/2005		-0.006382257	0.00702286	0.003111005
5/9/2005		0.017479816	0.011071838	0.034117805
5/16/2005		-0.004807737	-0.003492335	-0.015311615
5/23/2005		0.002610795	-0.006052983	-0.012497462
5/31/2005		0.000700233	-0.004424669	0.047556319
6/6/2005		-0.001602195	0.016941226	0.014540665
6/13/2005		-0.004740923	-0.003966187	-0.019913449
6/20/2005		-0.007364567	-0.022136615	0.007149042
6/27/2005		0.003288568	0.000698223	0.000408876
7/5/2005		-0.00081981	0.006749482	0.025012748
7/11/2005		-0.019081417	-0.017163871	-0.005826068
7/18/2005		-0.004850094	0	0.006725362
7/25/2005		0.001298664	-0.004128476	-0.019556069
8/1/2005		-0.000108074	0.001620168	-0.00188356
8/8/2005		0.005371012	-0.010180663	-0.0132797
8/15/2005		-0.010481057	-0.011368151	0.008125613
8/22/2005		0.007696422	0.007488021	-0.015981283
8/29/2005		0.007245513	0.016926252	-0.006129976
9/6/2005		0.008061139	-0.00719941	0.000430492
9/12/2005		-0.001975251	-0.017592674	-0.019207376
9/19/2005		0.002700716	0.00169757	-0.006494526
9/26/2005		-0.001140562	-0.010286403	-0.034179178
10/3/2005		-0.00354443	-0.001158119	-0.004800712
10/10/2005		-0.007070434	-0.058682773	0.00430654
10/17/2005		0.015364685	0.005058945	-0.015605073
10/24/2005		0.001332979	0.015255048	-0.007930965
10/31/2005		0.022250799	0.006911994	-0.030821624
11/7/2005		0.003680484	-0.016302511	-0.007726858
11/14/2005		0.009916265	0.001292544	-0.022036276
11/21/2005		-0.006649433	-0.007375808	-0.015061393
11/28/2005		0.001242617	-0.014459282	0.016259999
12/5/2005		0.004085049	0.039744507	-0.02000394
12/12/2005		-0.001230967	0.025842988	-0.065486975
12/19/2005		-0.006303923	-0.011828997	0.013393402
12/27/2005		0.000865033	0.027678829	0.030026024
1/3/2006		0.002680248	-0.003199584	-0.009105971
1/9/2006		-0.029717905	0.000754967	-0.007014025
1/17/2006		0.011097559	0.021880201	0.074441495
1/23/2006		-0.012530538	-0.011998853	-0.01188321
1/30/2006		0.008628315	0.010921644	-0.024788733
2/6/2006		0.002605374	0.002330585	0.00602187
2/13/2006		0.005756273	0.009199249	-0.040157138
2/21/2006		-0.008763864	-0.000525462	-0.017304858
2/27/2006		0.010043663	-0.004226744	0.051858119
3/6/2006		0.003816923	0.005102161	-0.010358451
3/13/2006		0.003687062	-0.006165306	0.030162853
3/20/2006		-0.005346726	-0.018668566	-0.027390524
3/27/2006		0.003991974	-0.004093637	-0.03749878
4/3/2006		0.003571283	-0.00337828	0.019486485
4/10/2006		-0.000384672	0.006544928	0.028513157
4/17/2006		0.021674662	0.007908185	0.02125846
4/24/2006		0.003645725	0.001455534	0.005692529
5/1/2006		-0.012055563	-0.011783193	0.055571928
5/8/2006		-0.001682952	-0.012303783	-0.024167999
5/15/2006		0.006785263	0.003251725	0.056082957
5/22/2006		0.004951891	0.00341667	-0.02527398
5/30/2006		-0.003203114	-0.011883468	-0.019174595
6/5/2006		-0.012486477	-0.001947512	0.004218191
6/12/2006		-0.005613699	-0.014891555	0.02266102
6/19/2006		0.004572566	0.015671609	0.043260103
6/26/2006		0.007422412	0.003879387	-0.00453181
7/3/2006		-0.013433834	-0.023813794	-0.03066882
7/10/2006		-0.005998371	0.026508893	0.023163632
7/17/2006		0.012767229	0.039767127	0.047792094
7/24/2006		0.005919086	-0.002282531	-0.017221602
7/31/2006		-0.007815158	0.001406054	-0.010346038
8/7/2006		0.00874732	0.020227313	0.006295294
8/14/2006		0.000279259	0.002837991	-0.017801446
8/21/2006		0.006465584	0.011494287	0.013712564
8/28/2006		-0.00572177	-0.005709118	0.023558311
9/5/2006		0.004160383	0.007003588	-0.00404907
9/11/2006		0.002751611	0.00177362	-0.014549156
9/18/2006		0.001460428	0.003046568	0.036032267
9/25/2006		0.011953401	-0.007088049	-0.029839271
10/2/2006		-0.005800793	-0.004735727	0.026219571
10/9/2006		-0.004061809	0.001311574	0.004553237
10/16/2006		0.003882089	-0.007263171	0.007658782
10/23/2006		-0.002343159	-0.010786292	0.003909068
10/30/2006		0.008943777	-0.010186662	0.00554234
11/6/2006		0.001502292	0.024619724	0.011750357
11/13/2006		-0.004255216	-0.0051475	-0.054091815
11/20/2006		-0.008092678	0.015424243	-0.022008963
11/27/2006		0.021254124	-0.044077017	-0.001636884
12/4/2006		0.018195221	0.008131107	-0.004646508
12/11/2006		0.003795872	0.005395032	0.002404405
12/18/2006		0.009105721	-0.001038983	0.018770543
12/26/2006		-0.007301966	0.00653863	-0.00694423
1/3/2007		-0.003120299	0.005599499	0.00737458
1/8/2007		0.000905552	0.009340026	0.01104198
1/16/2007		0.001395786	-0.015110339	0.018605695
1/22/2007		0.004160644	0.008459451	0.000802763
1/29/2007		-0.010103193	-0.002183655	0.038111477
2/5/2007		0.005614532	-0.001349265	0.006923594
2/12/2007		-0.002633093	-0.011294346	-0.025689235
2/20/2007		-0.031841985	-0.014275115	-0.04879378
2/26/2007		0.003185548	0.010618976	0.005260793
3/5/2007		-0.007021388	-0.007228125	-0.026214127
3/12/2007		0.018849121	0.011577194	0.039984745
3/19/2007		-0.00327251	-0.006979571	-0.018745409
3/26/2007		0.001983674	0.009912256	0.017511422
4/2/2007		0.000258073	0.013707685	0.001644538
4/9/2007		0.015044201	0.004969099	-0.004537549
4/16/2007		-0.000415553	-0.005969778	-0.001661843
4/23/2007		0.010190158	0.007613589	-0.009539151
4/30/2007		-0.007950881	0.004082513	-0.016772444
5/7/2007		0.01520003	0.006293064	0.028387907
5/14/2007		0.000877766	0.001439386	-0.013463225
5/21/2007		-0.004809512	0.002388427	0.000142415
